    3   10
 0.10000000000000002E+01 -0.14142135623730954E+01  0.17320508075688783E+01 -0.20000000000000013E+01 -0.24494897427831783E+01  0.30000000000000000E+01 -0.34641016151377539E+01  0.38729833462074179E+01 -0.44721359549995805E+01 -0.52915026221291850E+01
 0.10000000000000002E+01 -0.14142135623730954E+01  0.17320508075688783E+01 -0.20000000000000013E+01  0.24494897427831783E+01 -0.30000000000000000E+01  0.34641016151377539E+01  0.38729833462074179E+01 -0.44721359549995805E+01  0.52915026221291850E+01
 0.10000000000000002E+01  0.28284271247461907E+01  0.51961524227066329E+01  0.80000000000000018E+01  0.00000000000000000E+00  0.00000000000000000E+00  0.00000000000000000E+00  0.00000000000000000E+00  0.00000000000000000E+00  0.00000000000000000E+00
    4   16
 0.10000000000000002E+01 -0.17320508075688776E+01  0.22360679774997907E+01 -0.26457513110645925E+01 -0.17320508075688776E+01  0.30000000000000004E+01 -0.38729833462074184E+01  0.45825756949558434E+01  0.22360679774997907E+01 -0.38729833462074184E+01  0.50000000000000036E+01 -0.59160797830996215E+01 -0.26457513110645925E+01  0.45825756949558434E+01 -0.59160797830996215E+01  0.70000000000000080E+01
 0.10000000000000002E+01 -0.17320508075688776E+01  0.22360679774997907E+01 -0.26457513110645925E+01  0.17320508075688776E+01 -0.30000000000000004E+01  0.38729833462074184E+01 -0.45825756949558434E+01  0.22360679774997907E+01 -0.38729833462074184E+01  0.50000000000000036E+01 -0.59160797830996215E+01  0.26457513110645925E+01 -0.45825756949558434E+01  0.59160797830996215E+01 -0.70000000000000080E+01
 0.10000000000000002E+01  0.17320508075688776E+01  0.22360679774997907E+01  0.26457513110645925E+01  0.17320508075688776E+01  0.30000000000000004E+01  0.38729833462074184E+01  0.45825756949558434E+01  0.22360679774997907E+01  0.38729833462074184E+01  0.50000000000000036E+01  0.59160797830996215E+01  0.26457513110645925E+01  0.45825756949558434E+01  0.59160797830996215E+01  0.70000000000000080E+01
 0.10000000000000002E+01  0.17320508075688776E+01  0.22360679774997907E+01  0.26457513110645925E+01 -0.17320508075688776E+01 -0.30000000000000004E+01 -0.38729833462074184E+01 -0.45825756949558434E+01  0.22360679774997907E+01  0.38729833462074184E+01  0.50000000000000036E+01  0.59160797830996215E+01 -0.26457513110645925E+01 -0.45825756949558434E+01 -0.59160797830996215E+01 -0.70000000000000080E+01
   10   10
 0.10000000000000002E+01 -0.14142135623730954E+01  0.17320508075688783E+01 -0.20000000000000013E+01 -0.24494897427831783E+01  0.30000000000000000E+01 -0.34641016151377539E+01  0.38729833462074179E+01 -0.44721359549995805E+01 -0.52915026221291850E+01
 0.10000000000000002E+01 -0.14142135623730954E+01  0.17320508075688783E+01 -0.20000000000000013E+01 -0.81649658092772592E+00  0.99999999999999978E+00 -0.11547005383792510E+01 -0.12909944487358058E+01  0.14907119849998600E+01  0.21557973645711477E+01
 0.10000000000000002E+01 -0.14142135623730954E+01  0.17320508075688783E+01 -0.20000000000000013E+01  0.81649658092772592E+00 -0.99999999999999978E+00  0.11547005383792510E+01 -0.12909944487358058E+01  0.14907119849998600E+01 -0.21557973645711477E+01
 0.10000000000000002E+01 -0.14142135623730954E+01  0.17320508075688783E+01 -0.20000000000000013E+01  0.24494897427831783E+01 -0.30000000000000000E+01  0.34641016151377539E+01  0.38729833462074179E+01 -0.44721359549995805E+01  0.52915026221291850E+01
 0.10000000000000002E+01 -0.15700924586837754E-15 -0.96225044864937637E+00  0.59259259259259289E+00  0.16329931618554521E+01  0.13333333333333326E+01 -0.15396007178390021E+01  0.17213259316477407E+01  0.26501546399997498E+01  0.15678526287790162E+01
 0.10000000000000002E+01  0.14142135623730951E+01  0.19245008972987496E+00 -0.12592592592592595E+01  0.81649658092772603E+00  0.23333333333333330E+01  0.26943012562182522E+01  0.43033148291193518E+00  0.18219813149998281E+01  0.19598157859737703E+00
 0.10000000000000002E+01  0.28284271247461907E+01  0.51961524227066329E+01  0.80000000000000018E+01  0.00000000000000000E+00  0.00000000000000000E+00  0.00000000000000000E+00  0.00000000000000000E+00  0.00000000000000000E+00  0.00000000000000000E+00
 0.10000000000000002E+01  0.14142135623730954E+01  0.19245008972987532E+00 -0.12592592592592595E+01 -0.81649658092772615E+00 -0.23333333333333335E+01 -0.26943012562182527E+01  0.43033148291193540E+00  0.18219813149998292E+01 -0.19598157859737728E+00
 0.10000000000000002E+01  0.00000000000000000E+00 -0.96225044864937648E+00  0.59259259259259267E+00 -0.16329931618554521E+01 -0.13333333333333333E+01  0.15396007178390021E+01  0.17213259316477412E+01  0.26501546399997515E+01 -0.15678526287790173E+01
 0.10000000000000002E+01 -0.15700924586837754E-15 -0.96225044864937637E+00  0.59259259259259289E+00 -0.54389598220420739E-15 -0.44408920985006247E-15  0.51279004970228388E-15 -0.86066296582387070E+00 -0.13250773199998753E+01  0.78329973946029467E-15
   16   16
 0.10000000000000002E+01 -0.17320508075688776E+01  0.22360679774997907E+01 -0.26457513110645925E+01 -0.17320508075688776E+01  0.30000000000000004E+01 -0.38729833462074184E+01  0.45825756949558434E+01  0.22360679774997907E+01 -0.38729833462074184E+01  0.50000000000000036E+01 -0.59160797830996215E+01 -0.26457513110645925E+01  0.45825756949558434E+01 -0.59160797830996215E+01  0.70000000000000080E+01
 0.10000000000000002E+01 -0.17320508075688776E+01  0.22360679774997907E+01 -0.26457513110645925E+01 -0.57735026918962584E+00  0.10000000000000002E+01 -0.12909944487358063E+01  0.15275252316519479E+01 -0.74535599249993001E+00  0.12909944487358058E+01 -0.16666666666666674E+01  0.19720265943665400E+01  0.10778986822855741E+01 -0.18669752831301574E+01  0.24102547264479930E+01 -0.28518518518518539E+01
 0.10000000000000002E+01 -0.17320508075688776E+01  0.22360679774997907E+01 -0.26457513110645925E+01  0.57735026918962573E+00 -0.10000000000000000E+01  0.12909944487358058E+01 -0.15275252316519474E+01 -0.74535599249993012E+00  0.12909944487358060E+01 -0.16666666666666676E+01  0.19720265943665403E+01 -0.10778986822855738E+01  0.18669752831301569E+01 -0.24102547264479921E+01  0.28518518518518530E+01
 0.10000000000000002E+01 -0.17320508075688776E+01  0.22360679774997907E+01 -0.26457513110645925E+01  0.17320508075688776E+01 -0.30000000000000004E+01  0.38729833462074184E+01 -0.45825756949558434E+01  0.22360679774997907E+01 -0.38729833462074184E+01  0.50000000000000036E+01 -0.59160797830996215E+01  0.26457513110645925E+01 -0.45825756949558434E+01  0.59160797830996215E+01 -0.70000000000000080E+01
 0.10000000000000002E+01 -0.57735026918962584E+00 -0.74535599249993001E+00  0.10778986822855741E+01  0.17320508075688776E+01 -0.10000000000000002E+01 -0.12909944487358058E+01  0.18669752831301574E+01  0.22360679774997907E+01 -0.12909944487358063E+01 -0.16666666666666674E+01  0.24102547264479930E+01  0.26457513110645925E+01 -0.15275252316519479E+01 -0.19720265943665400E+01  0.28518518518518539E+01
 0.10000000000000002E+01  0.57735026918962573E+00 -0.74535599249993012E+00 -0.10778986822855738E+01  0.17320508075688776E+01  0.10000000000000000E+01 -0.12909944487358060E+01 -0.18669752831301569E+01  0.22360679774997907E+01  0.12909944487358058E+01 -0.16666666666666676E+01 -0.24102547264479921E+01  0.26457513110645925E+01  0.15275252316519474E+01 -0.19720265943665403E+01 -0.28518518518518530E+01
 0.10000000000000002E+01  0.17320508075688776E+01  0.22360679774997907E+01  0.26457513110645925E+01  0.17320508075688776E+01  0.30000000000000004E+01  0.38729833462074184E+01  0.45825756949558434E+01  0.22360679774997907E+01  0.38729833462074184E+01  0.50000000000000036E+01  0.59160797830996215E+01  0.26457513110645925E+01  0.45825756949558434E+01  0.59160797830996215E+01  0.70000000000000080E+01
 0.10000000000000002E+01  0.17320508075688776E+01  0.22360679774997907E+01  0.26457513110645925E+01  0.57735026918962573E+00  0.10000000000000000E+01  0.12909944487358058E+01  0.15275252316519474E+01 -0.74535599249993012E+00 -0.12909944487358060E+01 -0.16666666666666676E+01 -0.19720265943665403E+01 -0.10778986822855738E+01 -0.18669752831301569E+01 -0.24102547264479921E+01 -0.28518518518518530E+01
 0.10000000000000002E+01  0.17320508075688776E+01  0.22360679774997907E+01  0.26457513110645925E+01 -0.57735026918962584E+00 -0.10000000000000002E+01 -0.12909944487358063E+01 -0.15275252316519479E+01 -0.74535599249993001E+00 -0.12909944487358058E+01 -0.16666666666666674E+01 -0.19720265943665400E+01  0.10778986822855741E+01  0.18669752831301574E+01  0.24102547264479930E+01  0.28518518518518539E+01
 0.10000000000000002E+01  0.17320508075688776E+01  0.22360679774997907E+01  0.26457513110645925E+01 -0.17320508075688776E+01 -0.30000000000000004E+01 -0.38729833462074184E+01 -0.45825756949558434E+01  0.22360679774997907E+01  0.38729833462074184E+01  0.50000000000000036E+01  0.59160797830996215E+01 -0.26457513110645925E+01 -0.45825756949558434E+01 -0.59160797830996215E+01 -0.70000000000000080E+01
 0.10000000000000002E+01  0.57735026918962573E+00 -0.74535599249993012E+00 -0.10778986822855738E+01 -0.17320508075688776E+01 -0.10000000000000000E+01  0.12909944487358060E+01  0.18669752831301569E+01  0.22360679774997907E+01  0.12909944487358058E+01 -0.16666666666666676E+01 -0.24102547264479921E+01 -0.26457513110645925E+01 -0.15275252316519474E+01  0.19720265943665403E+01  0.28518518518518530E+01
 0.10000000000000002E+01 -0.57735026918962584E+00 -0.74535599249993001E+00  0.10778986822855741E+01 -0.17320508075688776E+01  0.10000000000000002E+01  0.12909944487358058E+01 -0.18669752831301574E+01  0.22360679774997907E+01 -0.12909944487358063E+01 -0.16666666666666674E+01  0.24102547264479930E+01 -0.26457513110645925E+01  0.15275252316519479E+01  0.19720265943665400E+01 -0.28518518518518539E+01
 0.10000000000000002E+01 -0.57735026918962584E+00 -0.74535599249993001E+00  0.10778986822855741E+01 -0.57735026918962584E+00  0.33333333333333343E+00  0.43033148291193529E+00 -0.62232509437671923E+00 -0.74535599249993001E+00  0.43033148291193529E+00  0.55555555555555558E+00 -0.80341824214933077E+00  0.10778986822855741E+01 -0.62232509437671923E+00 -0.80341824214933077E+00  0.11618655692729769E+01
 0.10000000000000002E+01 -0.57735026918962584E+00 -0.74535599249993001E+00  0.10778986822855741E+01  0.57735026918962573E+00 -0.33333333333333331E+00 -0.43033148291193518E+00  0.62232509437671901E+00 -0.74535599249993012E+00  0.43033148291193540E+00  0.55555555555555569E+00 -0.80341824214933089E+00 -0.10778986822855738E+01  0.62232509437671901E+00  0.80341824214933055E+00 -0.11618655692729767E+01
 0.10000000000000002E+01  0.57735026918962573E+00 -0.74535599249993012E+00 -0.10778986822855738E+01  0.57735026918962573E+00  0.33333333333333326E+00 -0.43033148291193529E+00 -0.62232509437671879E+00 -0.74535599249993012E+00 -0.43033148291193529E+00  0.55555555555555580E+00  0.80341824214933066E+00 -0.10778986822855738E+01 -0.62232509437671879E+00  0.80341824214933066E+00  0.11618655692729762E+01
 0.10000000000000002E+01  0.57735026918962573E+00 -0.74535599249993012E+00 -0.10778986822855738E+01 -0.57735026918962584E+00 -0.33333333333333331E+00  0.43033148291193540E+00  0.62232509437671901E+00 -0.74535599249993001E+00 -0.43033148291193518E+00  0.55555555555555569E+00  0.80341824214933055E+00  0.10778986822855741E+01  0.62232509437671901E+00 -0.80341824214933089E+00 -0.11618655692729767E+01
